0.0274509803921569	0.184313725490196	0.419607843137255
0.129411764705882	0.443137254901961	0.709803921568628
0.258823529411765	0.572549019607843	0.780392156862745
0.352941176470588	0.627450980392157	0.803921568627451
0.470588235294118	0.749019607843137	0.839215686274510
0.666666666666667	0.862745098039216	0.901960784313726
0.941176470588235	0.988235294117647	1
1.000	1.000	1.000
1.000	1.000	1.000
1	0.941176470588235	0.960784313725490
0.988235294117647	0.733333333333333	0.666666666666667
0.988235294117647	0.572549019607843	0.447058823529412
0.984313725490196	0.415686274509804	0.290196078431373
0.941176470588235	0.235294117647059	0.168627450980392
0.800000000000000	0.0941176470588235	0.117647058823529
0.470588235294118	0.0392156862745098	0.0588235294117647
